179424691
179425033
179425601
179426083
1400305337
1190494759
179424697
179425063
179425619
179426089
179424719
179425069
179425637
179426111
179424731
179425097
179425657
179426123
179424743
179425133
179425661
179426129
179424779
179425153
179425693
179426141
179424787
179425171
179425699
179426167
179424793
179425177
179425709
179426173
179424797
179425237
179425711
179426183
179424799
179425261
179425777
179426231
179424821
179425319
179425811
179426239
179424871
179425332
179424910
179425422
179425863
179426342
179424928
0
