5
9
2
0
6
3
8
4
7
1
123
234
6543
7657
8967
8768
564
634
52
345
437
75685
867
354
7567
34523
51
74
65
80
69
34
58
21
63
47
65
81
6543
34563875
71
64
8123
41234
86548
568548
4586458
568456
8654856
854
5467
456
75675647
56754676
57245
436
472
52652
1
1234
12
34
32
4
1
514
5


1423
4123
2314
1
234
2314
2
34
12
34
123
43
214
12
4
324

2134

5
1235
42
543
523465
26
462
34
12
34
12
412
3412
4
2
423
423
1
1235
46
4
766
754
875
8
69

69
7
58
678
765876
8
7
4567
5
68
456
8
765
89
74658
456
8
456
74
657
645
7
6547
45
75


5
9
2
0
6
3
8
4
7
1
123
234
6543
7657
8967
8768
564
634
52
345
437
75685
867
354
7567
34523
51
74
65
80
69
34
58
21
63
47
65
81
6543
34563875
71
64
8123
41234
86548
568548
4586458
568456
8654856
854
5467
456
75675647
56754676
57245
436
472
52652
1
1234
12
34
32
4
1
514
5


1423
4123
2314
1
234
2314
2
34
12
34
123
43
214
12
4
324

2134

5
1235
42
543
523465
26
462
34
12
34
12
412
3412
4
2
423
423
1
1235
46
4
766
754
875
8
69

69
7
58
678
765876
8
7
4567
5
68
456
8
765
89
74658
456
8
456
74
657
645
7
6547
45
75


5
9
2
0
6
3
8
4
7
1
123
234
6543
7657
8967
8768
564
634
52
345
437
75685
867
354
7567
34523
51
74
65
80
69
34
58
21
63
47
65
81
6543
34563875
71
64
8123
41234
86548
568548
4586458
568456
8654856
854
5467
456
75675647
56754676
57245
436
472
52652
1
1234
12
34
32
4
1
514
5


1423
4123
2314
1
234
2314
2
34
12
34
123
43
214
12
4
324

2134

5
1235
42
543
523465
26
462
34
12
34
12
412
3412
4
2
423
423
1
1235
46
4
766
754
875
8
69

69
7
58
678
765876
8
7
4567
5
68
456
8
765
89
74658
456
8
456
74
657
645
7
6547
45
75


5
9
2
0
6
3
8
4
7
1
123
234
6543
7657
8967
8768
564
634
52
345
437
75685
867
354
7567
34523
51
74
65
80
69
34
58
21
63
47
65
81
6543
34563875
71
64
8123
41234
86548
568548
4586458
568456
8654856
854
5467
456
75675647
56754676
57245
436
472
52652
1
1234
12
34
32
4
1
514
5


1423
4123
2314
1
234
2314
2
34
12
34
123
43
214
12
4
324

2134

5
1235
42
543
523465
26
462
34
12
34
12
412
3412
4
2
423
423
1
1235
46
4
766
754
875
8
69

69
7
58
678
765876
8
7
4567
5
68
456
8
765
89
74658
456
8
456
74
657
645
7
6547
45
75


5
9
2
0
6
3
8
4
7
1
123
234
6543
7657
8967
8768
564
634
52
345
437
75685
867
354
7567
34523
51
74
65
80
69
34
58
21
63
47
65
81
6543
34563875
71
64
8123
41234
86548
568548
4586458
568456
8654856
854
5467
456
75675647
56754676
57245
436
472
52652
1
1234
12
34
32
4
1
514
5


1423
4123
2314
1
234
2314
2
34
12
34
123
43
214
12
4
324

2134

5
1235
42
543
523465
26
462
34
12
34
12
412
3412
4
2
423
423
1
1235
46
4
766
754
875
8
69

69
7
58
678
765876
8
7
4567
5
68
456
8
765
89
74658
456
8
456
74
657
645
7
6547
45
75


5
9
2
0
6
3
8
4
7
1
123
234
6543
7657
8967
8768
564
634
52
345
437
75685
867
354
7567
34523
51
74
65
80
69
34
58
21
63
47
65
81
6543
34563875
71
64
8123
41234
86548
568548
4586458
568456
8654856
854
5467
456
75675647
56754676
57245
436
472
52652
1
1234
12
34
32
4
1
514
5


1423
4123
2314
1
234
2314
2
34
12
34
123
43
214
12
4
324

2134

5
1235
42
543
523465
26
462
34
12
34
12
412
3412
4
2
423
423
1
1235
46
4
766
754
875
8
69

69
7
58
678
765876
8
7
4567
5
68
456
8
765
89
74658
456
8
456
74
657
645
7
6547
45
75


5
9
2
0
6
3
8
4
7
1
123
234
6543
7657
8967
8768
564
634
52
345
437
75685
867
354
7567
34523
51
74
65
80
69
34
58
21
63
47
65
81
6543
34563875
71
64
8123
41234
86548
568548
4586458
568456
8654856
854
5467
456
75675647
56754676
57245
436
472
52652
1
1234
12
34
32
4
1
514
5


1423
4123
2314
1
234
2314
2
34
12
34
123
43
214
12
4
324

2134

5
1235
42
543
523465
26
462
34
12
34
12
412
3412
4
2
423
423
1
1235
46
4
766
754
875
8
69

69
7
58
678
765876
8
7
4567
5
68
456
8
765
89
74658
456
8
456
74
657
645
7
6547
45
75


5
9
2
0
6
3
8
4
7
1
123
234
6543
7657
8967
8768
564
634
52
345
437
75685
867
354
7567
34523
51
74
65
80
69
34
58
21
63
47
65
81
6543
34563875
71
64
8123
41234
86548
568548
4586458
568456
8654856
854
5467
456
75675647
56754676
57245
436
472
52652
1
1234
12
34
32
4
1
514
5


1423
4123
2314
1
234
2314
2
34
12
34
123
43
214
12
4
324

2134

5
1235
42
543
523465
26
462
34
12
34
12
412
3412
4
2
423
423
1
1235
46
4
766
754
875
8
69

69
7
58
678
765876
8
7
4567
5
68
456
8
765
89
74658
456
8
456
74
657
645
7
6547
45
75


5
9
2
0
6
3
8
4
7
1
123
234
6543
7657
8967
8768
564
634
52
345
437
75685
867
354
7567
34523
51
74
65
80
69
34
58
21
63
47
65
81
6543
34563875
71
64
8123
41234
86548
568548
4586458
568456
8654856
854
5467
456
75675647
56754676
57245
436
472
52652
1
1234
12
34
32
4
1
514
5


1423
4123
2314
1
234
2314
2
34
12
34
123
43
214
12
4
324

2134

5
1235
42
543
523465
26
462
34
12
34
12
412
3412
4
2
423
423
1
1235
46
4
766
754
875
8
69

69
7
58
678
765876
8
7
4567
5
68
456
8
765
89
74658
456
8
456
74
657
645
7
6547
45
75
